    0.0000    0.0000
   12.6495  -41.5888
   44.7368  -54.9844
   85.5467  -45.0156
   93.6464  -17.2897
   64.9860    5.7632
   71.8396   31.6199
   71.2165   70.5607
   33.5218   76.4798
   12.9611   51.5576
  -32.5218   67.4455
  -74.8894   69.0031
  -97.3193   41.9003
 -107.5997    6.3863
  -86.4159  -25.7009
  -83.9237  -64.0187
  -39.3754  -81.4642
  -17.5685  -51.5576

    0.0000    0.0000
   12.9611   51.5576
   33.5218   76.4798
   71.2165   70.5607
   71.8396   31.6199
   64.9860    5.7632
   93.6464  -17.2897
   85.5467  -45.0156
   44.7368  -54.9844
   12.6495  -41.5888

    0.0000    0.0000
  -32.5218   67.4455
  -74.8894   69.0031
  -97.3193   41.9003
 -107.5997    6.3863
  -86.4159  -25.7009
  -83.9237  -64.0187
  -39.3754  -81.4642
  -17.5685  -51.5576
